   33.503320000000002       -116.76562000000000     
   33.069330000000001       -115.58100000000000     
   34.090499999999999       -117.00617000000000     
   35.835839999999997       -117.76916000000000     
   33.103450000000002       -115.62126000000001     
   33.672220000000003       -117.36646000000000     
   34.358680000000000       -118.66732000000000     
   33.245280000000001       -115.96613000000001     
   35.097020000000001       -118.51990000000001     
   32.634169999999997       -118.03800000000000     
   35.131900000000002       -118.65067999999999     
   33.812179999999998       -118.71070000000000     
   34.779829999999997       -120.23500000000000     
   33.161830000000002       -116.55898000000001     
   33.505499999999998       -119.13667000000000     
   32.494669999999999       -115.45892000000001     
   34.171390000000002       -117.26401000000000     
   33.232799999999997       -116.05808000000000     
   33.629069999999999       -118.99695000000000     
   35.014449999999997       -119.15553000000000     
   33.710909999999998       -119.12148000000001     
   36.095840000000003       -117.80895000000000     
   32.505000000000003       -119.22167000000000     
   35.352119999999999       -118.49731000000000     
   35.707590000000003       -117.63874000000000     
   34.111289999999997       -117.31269000000000     
   34.115169999999999       -116.39500000000000     
   35.756169999999997       -117.74517000000000     
   35.934330000000003       -117.86700000000000     
   35.571330000000003       -117.45833000000000     
   36.580449999999999       -117.12215999999999     
   33.065390000000001       -116.20410000000000     
   32.975400000000000       -115.89106000000000     
   33.550699999999999       -118.94753000000000     
   34.066910000000000       -118.97911000000001     
   34.923000000000002       -120.39900000000000     
   33.581170000000000       -118.23500000000000     
   35.727200000000003       -118.40557000000000     
   33.553199999999997       -116.66311000000000     
   33.263390000000001       -116.41701000000000     
   32.916780000000003       -115.52727000000000     
   33.643300000000004       -116.75484000000000     
   32.930669999999999       -115.82453000000000     
   34.896329999999999       -120.38700000000000     
   35.745800000000003       -117.75353000000000     
   35.497000000000000       -119.12300000000000     
   34.091329999999999       -119.21133000000000     
   34.059919999999998       -116.67198999999999     
   33.952900000000000       -118.81914000000000     
   35.806669999999997       -117.73654000000001     
   34.138829999999999       -117.44967000000000     
   33.539999999999999       -120.03500000000000     
   35.713670000000000       -118.59017000000000     
   33.941670000000002       -118.68832999999999     
   33.144829999999999       -117.93899999999999     
   33.935299999999998       -118.27079000000001     
   34.325009999999999       -118.56225000000001     
   33.482590000000002       -116.47780000000000     
   33.644720000000000       -116.72266000000000     
   32.534829999999999       -117.41833000000000     
   33.443339999999999       -116.42174000000000     
   33.197170000000000       -115.53435000000000     
   34.058149999999998       -117.24575000000000     
   35.908470000000001       -118.32680999999999     
   32.962130000000002       -115.86519000000000     
   34.174250000000001       -117.34594000000000     
   36.226709999999997       -118.31063000000000     
   32.044910000000002       -116.26600000000001     
   33.897730000000003       -116.14820000000000     
   33.469569999999997       -118.05728999999999     
   33.133299999999998       -116.07393000000000     
   34.899729999999998       -119.02737999999999     
   35.970340000000000       -118.31596000000000     
   35.929699999999997       -118.29986000000000     
   33.118949999999998       -116.40859000000000     
   32.528329999999997       -115.42676000000000     
   32.138120000000001       -115.80249000000001     
   34.265659999999997       -119.61002000000001     
   32.752189999999999       -115.42650000000000     
   34.698869999999999       -119.91923000000000     
   32.403500000000001       -115.32100000000000     
   34.800500000000000       -120.37800000000000     
   32.363450000000000       -115.20114000000000     
   34.382959999999997       -116.61111000000000     
   34.547020000000003       -118.99875000000000     
   33.959739999999996       -116.33739000000000     
   35.731200000000001       -118.05490000000000     
   34.248559999999998       -116.16827000000001     
   33.973039999999997       -116.72901000000000     
   32.764170000000000       -118.14583000000000     
   32.947850000000003       -117.83013000000000     
   35.991999999999997       -117.29067000000001     
   33.457830000000001       -116.40300000000001     
   32.545340000000003       -115.26800000000000     
   33.674259999999997       -116.69700000000000     
   34.253670000000000       -120.58933000000000     
   33.146599999999999       -116.49746000000000     
   33.681410000000000       -118.17809000000000     
   34.735329999999998       -120.14133000000000     
   34.007500000000000       -118.99617000000001     
   33.330669999999998       -118.69150000000000     
   32.034280000000003       -116.24315000000000     
   34.048060000000000       -116.53721000000000     
   33.995950000000001       -116.39436000000001     
   32.587310000000002       -115.63768000000000     
   32.354999999999997       -117.95000000000000     
   35.453539999999997       -118.89794000000001     
   33.882390000000001       -116.27504999999999     
   33.966149999999999       -116.29053000000000     
   34.388370000000002       -119.05168000000000     
   32.200170000000000       -116.97467000000000     
   35.284160000000000       -119.34903000000000     
   34.398170000000000       -120.86233000000000     
   33.530009999999997       -116.78968000000000     
   33.349390000000000       -116.33471000000000     
   34.441899999999997       -120.05114000000000     
   32.969279999999998       -117.83260000000000     
   32.680770000000003       -117.15373000000000     
   35.220970000000001       -117.32714000000000     
   34.000850000000000       -117.15937000000000     
   34.540450000000000       -116.84305999999999     
   34.425190000000001       -116.53989000000000     
   36.204689999999999       -117.87770000000000     
   35.891170000000002       -117.74267000000000     
   34.323650000000001       -116.80797000000000     
   34.032829999999997       -117.24133000000000     
   35.629390000000001       -116.26228000000000     
   34.465460000000000       -117.89529000000000     
   32.112169999999999       -115.50217000000001     
   34.118160000000003       -116.03559000000000     
   32.488169999999997       -117.55083000000000     
   34.412750000000003       -119.80726000000000     
   33.734389999999998       -118.03784000000000     
   33.342599999999997       -115.70707000000000     
   32.472700000000003       -115.25557999999999     
   35.804710000000000       -118.02222999999999     
   33.792499999999997       -116.34433000000000     
   32.155830000000002       -115.09717000000001     
   34.003329999999998       -116.60917000000001     
   32.997169999999997       -117.87450000000000     
   36.105359999999997       -117.85284000000000     
   35.958669999999998       -118.44700000000000     
   32.546329999999998       -117.34932999999999     
   32.444740000000003       -115.08917000000000     
   32.408999999999999       -115.35250000000001     
   34.370970000000000       -116.39967000000000     
   32.964970000000001       -117.74588000000000     
   32.615000000000002       -117.14867000000000     
   35.571019999999997       -117.19399000000000     
   34.732810000000001       -120.15213000000000     
   32.982520000000001       -117.79127000000000     
   32.992849999999997       -116.28852000000001     
   33.010449999999999       -115.76352000000000     
   33.504109999999997       -116.48054999999999     
   32.356330000000000       -115.31250000000000     
   34.141190000000002       -117.44547000000000     
   33.225000000000001       -116.08095000000000     
   34.528170000000003       -120.75883000000000     
   32.988410000000002       -117.73389000000000     
   32.975320000000004       -117.80660000000000     
   34.311129999999999       -116.91731000000000     
   36.460439999999998       -117.81202000000000     
   33.864809999999999       -116.17814000000000     
   32.657370000000000       -115.78865999999999     
   32.246400000000001       -115.32791000000000     
   33.690469999999998       -118.27169000000001     
   35.762850000000000       -118.35245999999999     
   35.942329999999998       -117.03807000000000     
   34.347999999999999       -117.58400000000000     
   36.190019999999997       -118.18335000000000     
   34.327500000000001       -119.55417000000000     
   34.050669999999997       -118.08667000000000     
   33.965429999999998       -117.20255000000000     
   33.674869999999999       -119.03619999999999     
   33.078460000000000       -115.77650000000000     
   35.371259999999999       -118.79197000000001     
   33.030230000000003       -117.77247000000000     
   32.951860000000003       -117.72942000000000     
   34.191060000000000       -116.41271999999999     
   33.076439999999998       -117.85766000000000     
   35.492089999999997       -119.73638000000000     
   32.095509999999997       -115.51796000000000     
   34.267530000000001       -119.61508000000001     
   32.401629999999997       -115.23393000000000     
   34.006999999999998       -118.68750000000000     
   32.658630000000002       -116.03909000000000     
   35.684680000000000       -117.48112000000000     
   35.544499999999999       -116.32350000000000     
   34.030130000000000       -116.76725000000000     
   33.029730000000001       -117.84374000000000     
   33.234209999999997       -116.25774000000000     
   36.430950000000003       -117.86111000000000     
   33.984810000000003       -117.10406999999999     
   34.934330000000003       -118.74467000000000     
   33.918830000000000       -116.94204999999999     
   32.122790000000002       -116.41083000000000     
   34.132500000000000       -117.71299999999999     
   33.482349999999997       -116.44991000000000     
   36.376690000000004       -118.03332000000000     
   32.525329999999997       -117.87983000000000     
   32.398670000000003       -115.18650000000000     
   34.525790000000001       -116.43550000000000     
   32.057780000000001       -116.36924999999999     
   35.095350000000003       -118.98535000000000     
   33.858820000000001       -118.44803000000000     
   34.419229999999999       -120.78265000000000     
   36.105600000000003       -117.86792000000000     
   32.450000000000003       -118.23333000000000     
   33.169330000000002       -115.59500000000000     
   34.619929999999997       -120.71380000000001     
   34.049869999999999       -117.17941000000000     
   32.874830000000003       -115.65416999999999     
   33.508240000000001       -118.07871000000000     
   34.153070000000000       -118.13318000000000     
   33.984499999999997       -116.69016999999999     
   34.501049999999999       -120.71391000000000     
   32.967680000000001       -117.71915000000000     
   33.900500000000001       -118.63983000000000     
   35.122000000000000       -118.66660000000000     
   35.099910000000001       -119.10662000000001     
   33.946370000000002       -118.84371000000000     
   35.058900000000001       -119.16126000000000     
   34.008409999999998       -117.74062000000001     
   35.265580000000000       -118.59891000000000     
   32.562680000000000       -115.25223000000000     
   34.002980000000001       -119.10393000000001     
   34.919809999999998       -119.00285000000000     
   33.637349999999998       -117.93384000000000     
   33.923409999999997       -117.92489000000000     
   32.385109999999997       -115.22780000000000     
   34.019109999999998       -117.16218000000001     
   34.589790000000001       -116.84232000000000     
   34.012979999999999       -118.17981000000000     
   32.479680000000002       -115.22262000000001     
   33.495379999999997       -116.52052000000000     
   33.335149999999999       -116.24155000000000     
   34.289659999999998       -117.49326000000001     
   32.356160000000003       -115.25492000000000     
   33.649970000000003       -116.74299999999999     
   33.813270000000003       -117.02076000000000     
   33.739429999999999       -116.02463000000000     
   33.621650000000002       -116.68165999999999     
   34.197789999999998       -117.37322000000000     
   32.342849999999999       -115.21920000000000     
   33.257520000000000       -116.38014000000000     
   35.221829999999997       -118.21570000000000     
   33.868360000000003       -118.25637999999999     
   33.506819999999998       -116.45205000000000     
   34.142470000000003       -117.70480000000001     
   35.252090000000003       -116.70777000000000     
   32.377079999999999       -115.21653000000001     
   34.313499999999998       -117.09868000000000     
   32.965690000000002       -117.79275000000000     
   33.874980000000001       -116.15255000000001     
   32.100000000000001       -117.63333000000000     
   34.427880000000002       -116.96122000000000     
   32.812309999999997       -115.57316000000000     
   34.055380000000000       -117.24330999999999     
   33.155560000000001       -115.63079999999999     
   32.549030000000002       -115.27177000000000     
   33.918570000000003       -120.14162000000000     
   33.331780000000002       -116.41042000000000     
   33.238480000000003       -116.04877000000000     
   34.140839999999997       -116.99165000000001     
   32.474229999999999       -115.42966000000000     
   33.644500000000001       -117.88967000000000     
   34.415010000000002       -116.81415000000000     
   34.540830000000000       -120.90867000000000     
   36.561810000000001       -117.96084000000000     
   34.204490000000000       -117.02782999999999     
   35.372750000000003       -118.85357999999999     
   32.475000000000001       -117.13900000000000     
   34.147810000000000       -116.72372000000000     
   32.170949999999998       -115.80137000000001     
   35.470340000000000       -118.31347000000000     
   33.471170000000001       -118.27100000000000     
   34.504069999999999       -119.02287000000000     
   33.788150000000002       -116.92753999999999     
   34.258000000000003       -118.01233000000001     
   33.498519999999999       -116.42838000000000     
   33.202930000000002       -115.97172000000000     
   34.105130000000003       -117.30483000000000     
   32.073929999999997       -116.36875999999999     
   33.264960000000002       -116.01375000000000     
   33.901179999999997       -116.15741000000000     
   33.424050000000001       -116.45283999999999     
   33.652470000000001       -116.73529000000001     
   33.083419999999997       -116.78607000000000     
   35.536059999999999       -117.37621000000000     
   35.732140000000001       -116.57656000000000     
   36.025129999999997       -117.88529000000000     
   35.755890000000001       -118.02490000000000     
   32.997169999999997       -118.83383000000001     
   35.178669999999997       -119.39483000000000     
   36.005440000000000       -117.87435000000001     
   32.359980000000000       -115.24614000000000     
   33.967390000000002       -116.31563000000000     
   32.827100000000002       -116.16007000000000     
   34.578130000000002       -116.83711000000000     
   34.411140000000003       -116.80707000000000     
   32.351500000000001       -115.23967000000000     
   36.136450000000004       -117.86711000000000     
   33.027549999999998       -117.76987000000000     
   35.148730000000000       -117.10305000000000     
   35.039180000000002       -116.97681000000000     
   34.865679999999998       -116.94244000000000     
   34.021389999999997       -117.21301000000000     
   36.406030000000001       -117.87573000000000     
   32.882330000000003       -118.48367000000000     
   32.452449999999999       -115.10217000000000     
   34.292430000000003       -117.48003000000000     
   36.100059999999999       -117.69949000000000     
   36.395170000000000       -117.46583000000000     
   35.136650000000003       -119.11322000000000     
   32.386670000000002       -115.22250000000000     
   32.710690000000000       -115.96632000000000     
   34.952300000000001       -116.78385000000000     
   36.125660000000003       -117.68201999999999     
   34.004610000000000       -118.74212000000000     
   33.253520000000002       -116.13373000000000     
   35.984650000000002       -118.35138999999999     
   32.463389999999997       -115.35410000000000     
   32.449970000000000       -115.03008000000000     
   36.178550000000001       -118.03050000000000     
   36.060560000000002       -117.95372000000000     
   34.940500000000000       -116.66795000000000     
   35.006219999999999       -116.97256000000000     
   33.705159999999999       -117.01349999999999     
   34.667180000000002       -116.70367000000000     
   34.000889999999998       -118.52443000000000     
   34.214669999999998       -118.53850000000000     
   36.468670000000003       -116.89567000000000     
   32.355130000000003       -115.24196000000001     
   34.622419999999998       -116.60914000000000     
   32.044229999999999       -115.42420000000000     
   34.191339999999997       -117.09446000000000     
   35.731699999999996       -117.06807999999999     
   34.638019999999997       -116.52990000000000     
   32.386499999999998       -115.25183000000000     
   32.791670000000003       -118.40833000000001     
   33.814860000000003       -116.19919000000000     
   34.791319999999999       -116.29846000000001     
   33.769559999999998       -116.94148000000000     
   32.114500000000000       -114.77333000000000     
   33.229720000000000       -116.09000000000000     
   35.516240000000003       -117.48962000000000     
   33.711340000000000       -116.75541000000000     
   35.354959999999998       -119.40469000000000     
   34.446230000000000       -119.31507999999999     
   33.185910000000000       -115.56722000000001     
   35.696680000000001       -117.64606999999999     
   32.430900000000001       -115.35619000000000     
   32.120500000000000       -115.03400000000001     
   34.315620000000003       -116.87408000000001     
   34.062719999999999       -118.92161000000000     
   33.808169999999997       -118.63470000000000     
   34.271490000000000       -117.46845000000000     
   33.985720000000001       -116.96771000000000     
   32.983210000000000       -117.80667000000000     
   34.381999999999998       -118.67833000000000     
   33.547319999999999       -116.68100000000000     
   35.765670000000000       -117.65833000000001     
   33.173749999999998       -115.59801000000000     
   32.693590000000000       -115.94788000000000     
   35.092199999999998       -118.30383000000000     
   33.949559999999998       -116.36754000000001     
   36.450839999999999       -117.61709000000000     
   34.992730000000002       -116.94349000000000     
   34.354810000000001       -118.47145000000000     
   35.025950000000002       -116.96225000000000     
   34.359549999999999       -118.62272000000000     
   34.594769999999997       -116.28994000000000     
   32.437220000000003       -115.37050000000001     
   36.115160000000003       -117.85145000000000     
   33.914259999999999       -117.13486000000000     
   34.476900000000001       -119.36422000000000     
   33.466929999999998       -116.44047000000000     
   32.384500000000003       -115.19983000000001     
   36.076999999999998       -117.65517000000000     
   33.764330000000001       -116.89149999999999     
   33.451169999999998       -116.89950000000000     
   33.265000000000001       -116.00533000000000     
   32.658410000000003       -115.89918000000000     
   33.505420000000001       -116.55159999999999     
   34.405340000000002       -119.68647000000000     
   33.741180000000000       -116.03721000000000     
   34.962170000000000       -116.81850000000000     
   34.359999999999999       -118.67383000000000     
   35.447180000000003       -118.42869000000000     
   33.983539999999998       -116.67260000000000     
   32.291229999999999       -116.65022999999999     
   33.076129999999999       -116.45005999999999     
   35.967559999999999       -117.98070000000000     
   34.988489999999999       -116.94757000000000     
   32.680329999999998       -118.08432999999999     
   32.751449999999998       -115.42616000000000     
   35.442320000000002       -118.30510000000000     
   34.168450000000000       -117.33546000000000     
   32.194499999999998       -115.38182999999999     
   32.720669999999998       -115.39017000000000     
   33.403449999999999       -116.35110000000000     
   32.468040000000002       -115.16535000000000     
   32.796169999999996       -118.34133000000000     
   34.145899999999997       -116.85144000000000     
   34.113540000000000       -117.43500000000000     
   34.973779999999998       -116.95243000000001     
   35.660290000000003       -118.27169000000001     
   32.310160000000003       -115.29452999999999     
   34.102170000000001       -116.99703000000000     
   32.403010000000002       -115.23899000000000     
   36.493330000000000       -117.63050000000000     
   33.314160000000001       -115.68500000000000     
   33.184790000000000       -115.60709000000000     
   33.952430000000000       -117.72192000000000     
   32.344970000000004       -115.22732999999999     
   33.232050000000001       -115.55886000000000     
   32.678159999999998       -116.22190999999999     
   34.037100000000002       -117.22256000000000     
   34.075490000000002       -118.11031000000000     
   33.448929999999997       -116.85204000000000     
   33.056429999999999       -117.96639999999999     
   34.045119999999997       -116.64806000000000     
   36.941119999999998       -117.54308000000000     
   34.633380000000002       -116.68550999999999     
   33.227420000000002       -116.08550000000000     
   33.843800000000002       -119.31117999999999     
   33.165770000000002       -116.57715000000000     
   33.949869999999997       -116.36124000000000     
   32.047249999999998       -115.55728999999999     
   34.839500000000001       -117.61217000000001     
   34.123420000000003       -116.92330000000000     
   34.373249999999999       -117.65175000000001     
   32.350830000000002       -115.21750000000000     
   32.065350000000002       -115.42177000000000     
   34.321689999999997       -116.84401000000000     
   33.174570000000003       -115.59524999999999     
   32.273330000000001       -118.36333000000000     
   35.345329999999997       -118.54608000000000     
   34.271329999999999       -120.71117000000000     
   34.016390000000001       -116.77172000000000     
   32.722290000000001       -115.91197000000000     
   33.658870000000000       -119.04805000000000     
   33.513809999999999       -117.92909000000000     
   36.063620000000000       -117.83770000000000     
   34.092500000000001       -117.43831000000000     
   32.600209999999997       -116.15021000000000     
   32.098689999999998       -115.03926000000000     
   34.046639999999996       -117.22537000000000     
   34.348170000000003       -118.57200000000000     
   34.138809999999999       -116.76410000000000     
   32.735599999999998       -118.14908000000000     
   32.393000000000001       -115.21617000000001     
   35.306750000000001       -118.56382000000001     
   34.019240000000003       -118.22176000000000     
   35.738210000000002       -118.47410000000001     
   33.234330000000000       -119.38767000000000     
   33.638170000000002       -116.70677999999999     
   34.396140000000003       -118.61552000000000     
   32.787329999999997       -115.54051000000000     
   33.530960000000000       -117.66159000000000     
   32.021500000000003       -114.66549999999999     
   32.065640000000002       -114.53446000000000     
   32.648589999999999       -116.12896000000001     
   32.284999999999997       -115.22083000000001     
   36.023029999999999       -117.88872000000001     
   34.595939999999999       -116.27349000000000     
   32.506290000000000       -115.32711999999999     
   32.276670000000003       -119.08833000000000     
   33.816699999999997       -117.71975999999999     
   32.661169999999998       -118.16233000000000     
   32.311000000000000       -115.77167000000000     
   35.748480000000001       -118.01215000000001     
   34.057670000000002       -117.24487999999999     
   32.980330000000002       -115.54533000000001     
   36.010170000000002       -117.87300000000000     
   34.140259999999998       -117.47183000000000     
   32.707580000000000       -115.39218000000000     
   32.164839999999998       -115.09043000000000     
   33.158960000000000       -115.63652999999999     
   36.325589999999998       -118.04722000000000     
   34.290750000000003       -116.86810000000000     
   35.780850000000001       -117.64928000000000     
   32.895760000000003       -115.50577000000000     
   34.048020000000001       -116.63727000000000     
   33.309840000000001       -116.30446999999999     
   32.718110000000003       -115.81694000000000     
   36.041210000000000       -117.87067000000000     
   32.124279999999999       -115.12438000000000     
   34.554279999999999       -118.91612000000001     
   32.433280000000003       -115.33150999999999     
   32.373170000000002       -115.21017000000001     
   34.264530000000001       -116.77289000000000     
   32.278329999999997       -114.88333000000000     
   34.893830000000001       -119.03583000000000     
   32.660670000000003       -118.06017000000000     
   34.276840000000000       -118.41714000000000     
   33.815849999999998       -116.13936000000000     
   34.293329999999997       -116.94300000000000     
   35.113630000000001       -117.52843000000000     
   36.011830000000003       -117.81269000000000     
   33.867880000000000       -117.71863000000000     
   35.981340000000003       -118.32848000000000     
   34.230130000000003       -117.44226999999999     
   35.798659999999998       -118.04025000000000     
   34.029159999999997       -116.75440999999999     
   34.261920000000003       -116.76230000000000     
   36.029690000000002       -117.87260000000001     
   34.270040000000002       -117.46602000000000     
   32.726759999999999       -118.32129999999999     
   34.060850000000002       -118.39203999999999     
   33.921080000000003       -118.29441000000000     
   33.509999999999998       -116.50917000000000     
   33.319170000000000       -115.69750000000001     
   32.130330000000001       -114.97132999999999     
   34.112589999999997       -116.71740000000000     
   33.952889999999996       -117.75087000000001     
   33.388509999999997       -116.42695000000001     
   32.466160000000002       -115.08626000000000     
   34.354190000000003       -118.66820000000000     
   33.061680000000003       -116.43062999999999     
   32.218339999999998       -117.69567000000001     
   32.338500000000003       -115.32183000000001     
   33.655679999999997       -119.35978000000000     
   33.205039999999997       -116.70677999999999     
   35.706580000000002       -118.07756000000001     
   33.162109999999998       -115.97452000000000     
   32.254950000000001       -115.10826000000000     
   34.164389999999997       -117.43688000000000     
   33.036529999999999       -115.61405000000001     
   33.917879999999997       -117.78610999999999     
   36.046379999999999       -117.87354000000001     
   33.525350000000003       -116.76181000000000     
   33.238549999999996       -116.11254000000000     
   32.278160000000000       -115.37435000000001     
   35.949410000000000       -117.29313999999999     
   32.382500000000000       -115.24560000000000     
   34.297699999999999       -116.88230000000000     
   33.511940000000003       -116.56836000000000     
   34.803829999999998       -116.26833000000001     
   34.902290000000001       -119.02628000000000     
   32.263170000000002       -115.80333000000000     
   32.380830000000003       -115.20383000000000     
   35.318530000000003       -118.66822999999999     
   32.392829999999996       -115.24217000000000     
   34.313000000000002       -116.84883000000001     
   34.358420000000002       -116.12985999999999     
   33.749789999999997       -116.02457000000000     
   35.836320000000001       -118.10775000000000     
   32.945900000000002       -115.55792000000000     
   32.088169999999998       -117.47100000000000     
   34.616280000000003       -116.66807000000000     
   36.476349999999996       -118.27230000000000     
   34.403779999999998       -118.64640000000000     
   32.557630000000003       -115.28001000000000     
   32.521979999999999       -117.12746000000000     
   32.241930000000004       -115.41383999999999     
   32.297649999999997       -115.23914000000001     
   34.284509999999997       -118.75417000000000     
   35.608229999999999       -117.55342000000000     
   34.773000000000003       -120.47850000000000     
   33.967910000000003       -117.82270000000000     
   35.024169999999998       -119.13833000000000     
   33.827260000000003       -117.02848000000000     
   32.376420000000003       -115.23291999999999     
   33.195320000000002       -115.57511000000000     
   36.185250000000003       -118.15922000000000     
   34.417360000000002       -120.00944000000000     
   32.403500000000001       -117.95917000000000     
   36.069110000000002       -117.89229000000000     
   32.540160000000000       -115.74602000000000     
   33.711669999999998       -116.04401000000000     
   35.300960000000003       -119.43604999999999     
   34.390009999999997       -119.43083000000000     
   34.134410000000003       -117.45041999999999     
   32.072170000000000       -117.40783000000000     
   32.395180000000003       -115.22695000000000     
   35.089930000000003       -117.50905000000000     
   35.386460000000000       -118.63145000000000     
   34.342820000000003       -116.91504000000000     
   35.031089999999999       -116.91238000000000     
   34.723329999999997       -116.05417000000000     
   34.379669999999997       -116.82187999999999     
   34.271670000000000       -119.69641000000000     
   34.153460000000003       -116.98195000000000     
   33.875619999999998       -118.71086000000000     
   32.351370000000003       -115.20075000000000     
   34.120780000000003       -117.44486000000001     
   33.954780000000000       -116.39120000000000     
   34.409489999999998       -118.67059000000000     
   33.289250000000003       -116.24683000000000     
   32.716529999999999       -116.81677999999999     
   34.997790000000002       -119.19145000000000     
   33.690579999999997       -120.03393000000000     
   33.835059999999999       -118.62765000000000     
   33.238790000000002       -116.20504000000000     
   32.556040000000003       -117.50830999999999     
   33.537450000000000       -116.57052000000000     
   34.060499999999998       -117.01117000000001     
   34.845070000000000       -116.32486000000000     
   33.668669999999999       -119.72266999999999     
   32.365810000000003       -115.22991000000000     
   36.148370000000000       -118.05999000000000     
   32.603749999999998       -118.09913000000000     
   32.498390000000001       -116.84049000000000     
   33.175440000000002       -116.02712000000000     
   33.233100000000000       -115.52274000000000     
   35.016320000000000       -119.02701000000000     
   35.380499999999998       -118.47099000000000     
   32.110900000000001       -115.76790000000000     
   32.519669999999998       -118.11367000000000     
   34.017930000000000       -116.77067000000000     
   34.328000000000003       -116.82964000000000     
   35.123590000000000       -117.55186000000000     
   34.243150000000000       -117.44962000000000     
   32.126910000000002       -116.41489000000000     
   32.427169999999997       -115.15933000000000     
   32.312449999999998       -115.09853000000000     
   32.332850000000001       -115.19233000000000     
   32.328370000000000       -115.05122000000000     
   32.521830000000001       -115.58528000000000     
   34.288870000000003       -116.82673000000000     
   32.886719999999997       -116.21239000000000     
   33.792650000000002       -116.17188000000000     
   35.622639999999997       -117.57732000000000     
   32.627170000000000       -115.81802000000000     
   32.639670000000002       -117.32987000000000     
   32.404829999999997       -115.28682999999999     
   32.684339999999999       -115.83828000000000     
   33.928429999999999       -116.78436000000001     
   33.239100000000001       -116.02539000000000     
   33.864899999999999       -117.09817000000000     
   36.073770000000003       -117.89534000000000     
   33.738489999999999       -117.49354000000000     
   33.951099999999997       -116.36440000000000     
   33.180190000000003       -116.03228000000000     
   32.710220000000000       -116.03981000000000     
   33.262450000000001       -116.06268000000000     
   34.207549999999998       -117.58566000000000     
   36.056849999999997       -117.70755000000000     
   32.828940000000003       -115.95999000000000     
   33.707160000000002       -116.03771999999999     
   32.997579999999999       -116.29521000000000     
   32.356119999999997       -115.20604000000000     
   33.219600000000000       -116.14239000000001     
   32.581280000000000       -115.55597000000000     
   32.440669999999997       -115.11431000000000     
   36.028910000000003       -117.76966000000000     
   32.206530000000001       -115.84619000000001     
   33.451860000000003       -116.58087999999999     
   33.081719999999997       -116.48013000000000     
   32.135829999999999       -115.79883000000000     
   32.973280000000003       -115.88957000000001     
   34.197960000000002       -117.39063000000000     
   32.685229999999997       -116.09148000000000     
   33.876080000000002       -116.20111000000000     
   34.847239999999999       -119.24372000000000     
   34.840170000000001       -119.70011000000000     
   34.292330000000000       -118.63267000000000     
   33.112009999999998       -116.04553000000000     
   32.775280000000002       -117.34735000000001     
   33.736289999999997       -117.49160999999999     
   33.018560000000001       -117.78291000000000     
   32.710050000000003       -116.03063000000000     
   34.375830000000001       -117.64654000000000     
   35.836750000000002       -117.67855000000000     
   32.657069999999997       -116.12943000000000     
   34.161569999999998       -116.99105000000000     
   35.343319999999999       -118.56507999999999     
   32.433830000000000       -115.28950000000000     
   35.949900000000000       -117.71999000000000     
   32.134999999999998       -115.84550000000000     
   36.585079999999998       -118.03060000000001     
   32.691099999999999       -115.94217999999999     
   34.299570000000003       -116.85693000000001     
   32.166780000000003       -115.82335000000000     
   34.138950000000001       -117.47541000000000     
   32.395829999999997       -115.20683000000000     
   32.142829999999996       -115.86333000000000     
   35.779119999999999       -117.66288000000000     
   32.045499999999997       -115.56667000000000     
   34.866190000000003       -116.34605999999999     
   33.445599999999999       -116.43846000000001     
   35.475690000000000       -118.42825999999999     
   33.221800000000002       -116.71706000000000     
   35.270499999999998       -117.33974000000001     
   34.052709999999998       -117.24355000000000     
   32.250839999999997       -115.30374000000000     
   32.177830000000000       -115.34600000000000     
   33.952170000000002       -117.76600000000001     
   32.354830000000000       -115.24533000000000     
   34.088830000000002       -116.96883000000000     
   33.064509999999999       -115.88821000000000     
   33.504840000000002       -116.85339000000000     
   32.430669999999999       -115.35680000000001     
   35.974029999999999       -117.32176000000000     
   34.811999999999998       -116.42117000000000     
   34.166629999999998       -117.37873999999999     
   32.563800000000001       -115.53419000000000     
   34.107900000000001       -117.30598000000001     
   34.307540000000003       -116.91508000000000     
   32.145670000000003       -115.75217000000001     
   32.667670000000001       -118.27182999999999     
   35.414279999999998       -117.77970000000001     
   32.623130000000003       -115.58456000000000     
   35.293669999999999       -119.45417000000000     
   35.990000000000002       -117.29715000000000     
   33.314070000000001       -115.73496000000000     
   32.081499999999998       -115.72566999999999     
   33.254359999999998       -116.41825000000000     
   33.892260000000000       -117.80150000000000     
   35.007910000000003       -119.32101000000000     
   34.073940000000000       -118.89272000000000     
   34.436329999999998       -119.17467000000001     
   33.923169999999999       -118.35650000000000     
   36.400460000000002       -117.83881000000000     
   32.042949999999998       -115.49132000000000     
   32.876800000000003       -118.03677999999999     
   32.245469999999997       -115.60522000000000     
   32.709170000000000       -117.54750000000000     
   35.726939999999999       -117.62023000000001     
   33.105069999999998       -116.20384000000000     
   33.643000000000001       -116.70788000000000     
   34.258069999999996       -117.38643999999999     
   36.015729999999998       -117.39532000000000     
   34.557670000000002       -120.48533000000000     
   32.384500000000003       -115.26450000000000     
   32.035229999999999       -116.15866000000000     
   32.718620000000001       -118.24538000000000     
   32.123500000000000       -115.29349999999999     
   32.680840000000003       -115.64940000000000     
   33.247650000000000       -116.03632000000000     
   33.183650000000000       -119.28785999999999     
   33.420110000000001       -116.61740000000000     
   35.548530000000000       -117.27262000000000     
   34.359980000000000       -116.88958000000000     
   32.494669999999999       -115.45805000000000     
   32.400959999999998       -115.08020000000000     
   32.953049999999998       -115.91321000000001     
   35.979230000000001       -117.39035000000000     
   32.458140000000000       -115.16442000000001     
   32.181829999999998       -116.67600000000000     
   33.971730000000001       -116.87352000000000     
   36.031129999999997       -117.83708000000000     
   33.939380000000000       -117.01998000000000     
   32.087829999999997       -117.46633000000000     
   34.012120000000003       -117.18329000000000     
   32.238619999999997       -116.58019000000000     
   36.067590000000003       -117.86017000000000     
   32.998860000000001       -116.33856000000000     
   33.255110000000002       -116.67426000000000     
   33.988169999999997       -118.11483000000000     
   32.296759999999999       -115.29095000000000     
   32.211170000000003       -115.27933000000000     
   32.225499999999997       -115.31467000000001     
   35.960700000000003       -117.33432000000001     
   35.536270000000002       -118.37058000000000     
   34.102570000000000       -119.03673999999999     
   32.196829999999999       -117.61879999999999     
   33.865720000000003       -118.45457000000000     
   33.389449999999997       -116.39990000000000     
   35.202330000000003       -118.60451000000000     
   35.483870000000003       -118.44596000000000     
   33.426499999999997       -116.47767000000000     
   33.158149999999999       -115.99422000000000     
   33.982590000000002       -116.43953000000000     
   34.720999999999997       -120.41467000000000     
   33.887549999999997       -116.69007999999999     
   33.451500000000003       -119.08850000000000     
   32.850140000000003       -116.02822999999999     
   33.220450000000000       -115.63191000000000     
   35.842520000000000       -117.67252999999999     
   35.042270000000002       -118.99218000000000     
   32.829729999999998       -115.93751000000000     
   32.871169999999999       -115.98999999999999     
   33.784840000000003       -118.14084000000000     
   33.013900000000000       -116.44649000000000     
   36.032820000000001       -117.78073999999999     
   33.148319999999998       -116.44911000000000     
   33.017560000000003       -115.53917000000000     
   32.673450000000003       -115.82191000000000     
   33.189309999999999       -115.61090000000000     
   34.508609999999997       -118.69432000000000     
   33.002389999999998       -116.33512000000000     
   33.719970000000004       -116.82299999999999     
   33.231079999999999       -116.73039000000000     
   33.025309999999998       -116.28437000000000     
   33.506500000000003       -119.10617000000001     
   34.223269999999999       -117.04883000000000     
   33.633150000000001       -119.03466000000000     
   33.703150000000001       -116.72666000000000     
   33.005080000000000       -116.32993999999999     
   33.088509999999999       -117.97915000000000     
   32.805380000000000       -116.13603000000001     
   32.077599999999997       -116.36337000000000     
   34.334690000000002       -118.48399000000001     
   33.961910000000003       -117.06654000000000     
   36.109430000000003       -117.58396000000000     
   36.961820000000003       -117.52648000000001     
   32.555500000000002       -115.68241999999999     
   34.697319999999998       -116.29610000000000     
   35.683880000000002       -117.61839999999999     
   33.253889999999998       -116.24596000000000     
   34.011420000000001       -117.59290000000000     
   33.208500000000001       -119.40450000000000     
   33.731040000000000       -116.05364000000000     
   32.680360000000000       -115.71180000000000     
   33.858840000000001       -116.15761000000001     
   33.465640000000000       -116.45411000000000     
   33.513330000000003       -117.72183000000000     
   34.240009999999998       -117.43172000000000     
   33.330030000000001       -116.39610999999999     
   34.953200000000002       -118.57611000000000     
   34.945970000000003       -116.72216000000000     
   33.702860000000001       -119.02802000000000     
   33.134329999999999       -118.89200000000000     
   33.912489999999998       -117.78860000000000     
   34.301800000000000       -116.84179000000000     
   34.093429999999998       -116.39785999999999     
   33.969189999999998       -118.40908000000000     
   35.958010000000002       -117.66484000000000     
   33.008330000000001       -115.54937000000000     
   32.809330000000003       -116.13730000000000     
   33.024970000000003       -116.30285000000001     
   33.705770000000001       -116.80670000000001     
   34.341600000000000       -118.47198000000000     
   33.014460000000000       -116.22566000000000     
   36.094929999999998       -117.84171000000001     
   32.787529999999997       -115.53934000000000     
   35.490710000000000       -118.28713000000000     
   33.236490000000003       -116.05831000000001     
   32.058999999999997       -117.60483000000001     
   34.026980000000002       -117.21635000000001     
   35.825519999999997       -116.80864000000000     
   33.504829999999998       -116.46133000000000     
   34.478279999999998       -119.30647999999999     
   33.656500000000001       -118.37667000000000     
   33.211379999999998       -115.54548000000000     
   34.417189999999998       -119.91570000000000     
   33.229830000000000       -115.61649000000000     
   36.149590000000003       -118.07066000000000     
   32.888300000000001       -116.23980000000000     
   36.023850000000003       -117.77558000000001     
   33.435330000000000       -117.08667000000000     
   34.601559999999999       -120.87667999999999     
   34.090350000000001       -117.78955000000001     
   33.351959999999998       -116.38781000000000     
   32.908929999999998       -116.26271000000000     
   34.708919999999999       -116.29968000000000     
   33.201610000000002       -115.66793000000000     
   36.143120000000003       -118.05504000000001     
   32.425640000000001       -116.25339000000000     
   33.709730000000000       -116.72853000000001     
   34.145339999999997       -117.44564000000000     
   33.839649999999999       -117.68633000000000     
   35.012850000000000       -119.12603000000000     
   32.184770000000000       -115.78339000000000     
   35.309579999999997       -118.49200999999999     
   35.967260000000003       -117.30257000000000     
   36.121630000000003       -118.05537000000000     
   34.601469999999999       -118.63633000000000     
   34.136760000000002       -118.48774000000000     
   33.920409999999997       -117.93317999999999     
   35.466439999999999       -118.52488000000000     
   35.452489999999997       -118.34501000000000     
   34.249740000000003       -116.81845000000000     
   33.598210000000002       -118.37696000000000     
   34.103999999999999       -118.50682999999999     
   34.996729999999999       -116.92529999999999     
   35.389460000000000       -118.48624000000000     
   34.281329999999997       -117.02683000000000     
   36.437739999999998       -116.94079000000001     
   32.918790000000001       -116.26015000000000     
   34.299529999999997       -116.45032000000000     
   34.330860000000001       -116.82801000000001     
   33.807510000000001       -116.95650000000001     
   32.195000000000000       -117.62233000000001     
   34.511609999999997       -118.79013999999999     
   35.673090000000002       -117.52392000000000     
   36.137540000000001       -118.04693000000000     
   32.851349999999996       -118.63578000000000     
   33.968800000000002       -116.63279000000000     
   33.176000000000002       -115.59617000000000     
   33.560499999999998       -118.28950000000000     
   34.609400000000001       -118.63621000000001     
   33.345300000000002       -116.32743000000001     
   33.940429999999999       -116.03175000000000     
   35.264370000000000       -118.57634000000000     
   34.793990000000001       -116.26757000000001     
   33.996220000000001       -118.36098000000000     
   33.824179999999998       -116.96953000000001     
   35.005420000000001       -119.07438999999999     
   33.155830000000002       -115.63351000000000     
   33.875100000000003       -116.15048000000000     
   33.324309999999997       -116.27761000000000     
   35.861080000000001       -117.68550000000000     
   35.484769999999997       -118.42107000000000     
   33.781649999999999       -115.70731000000001     
   35.720370000000003       -117.59412000000000     
   32.971930000000000       -115.57818000000000     
   34.086329999999997       -120.58150000000001     
   34.096159999999998       -117.45059999999999     
   32.184829999999998       -117.75082999999999     
   34.138089999999998       -116.85554000000000     
   33.256030000000003       -115.70977999999999     
   32.119280000000003       -115.16158000000000     
   35.205030000000001       -117.27506000000000     
   34.191330000000001       -117.41379999999999     
   33.964449999999999       -116.88357000000001     
   35.404480000000000       -117.80585000000001     
   34.694260000000000       -116.24419000000000     
   35.451549999999997       -119.98269999999999     
   34.299320000000002       -116.86369999999999     
   34.605100000000000       -116.63440000000000     
   35.540170000000003       -119.37616000000000     
   34.524169999999998       -119.08278000000000     
   34.089599999999997       -119.28860000000000     
   33.436169999999997       -116.43716999999999     
   34.076459999999997       -116.37952000000000     
   32.960560000000001       -115.56912000000000     
   32.910449999999997       -115.53382999999999     
   32.963079999999998       -115.75118999999999     
   33.295510000000000       -115.71123000000000     
   34.012920000000001       -117.24995000000000     
   32.836120000000001       -116.12803000000000     
   34.152889999999999       -116.70874999999999     
   32.973439999999997       -115.54478000000000     
   33.052199999999999       -118.89460000000000     
   33.137349999999998       -115.86815000000000     
   34.046289999999999       -117.23491000000000     
   33.240090000000002       -116.04631000000001     
   33.224690000000002       -116.07917999999999     
   36.175680000000000       -118.71487000000000     
   32.391829999999999       -115.21896000000000     
   34.229390000000002       -116.74155000000000     
   34.430500000000002       -119.99475000000000     
   36.180300000000003       -117.84126999999999     
   35.400990000000000       -117.72648000000000     
   33.994950000000003       -116.87662000000000     
   33.157950000000000       -115.64265000000000     
   35.903829999999999       -116.93286999999999     
   34.086790000000001       -118.48195000000000     
   36.021059999999999       -117.76734999999999     
   33.212670000000003       -118.73583000000001     
   34.475560000000002       -120.60453000000000     
   33.477829999999997       -118.18167000000000     
   33.466169999999998       -116.45768000000000     
   33.159199999999998       -116.46548000000000     
   33.123680000000000       -116.06963000000000     
   34.817720000000001       -116.07246000000001     
   33.748559999999998       -117.50382000000000     
   33.664459999999998       -117.34050000000001     
   33.489069999999998       -116.49636000000000     
   35.482070000000000       -120.02522999999999     
   33.182519999999997       -116.02134000000000     
   33.851830000000000       -119.70733000000000     
   35.392470000000003       -118.54725000000001     
   35.019669999999998       -119.04210999999999     
   33.924920000000000       -116.31994000000000     
   33.386839999999999       -116.29478000000000     
   32.850140000000003       -118.40630000000000     
   34.020580000000002       -116.78680000000000     
   33.050480000000000       -115.91239000000000     
   33.128579999999999       -115.62031000000000     
   34.803120000000000       -116.28355999999999     
   34.012039999999999       -117.59271000000000     
   33.492669999999997       -116.78967000000000     
   34.128309999999999       -117.78165000000000     
   32.210670000000000       -115.04980000000000     
   32.405900000000003       -115.23357000000000     
   34.008569999999999       -117.01057000000000     
   36.593930000000000       -117.97832000000000     
   32.161330000000000       -115.22767000000000     
   33.020299999999999       -115.98350000000001     
   35.733960000000003       -117.07977000000000     
   35.956170000000000       -116.74050000000000     
   32.939489999999999       -115.51364000000000     
   34.409370000000003       -116.88169000000001     
   34.703569999999999       -116.29036000000001     
   33.861669999999997       -117.74057000000001     
   32.897919999999999       -115.50503000000000     
   32.826850000000000       -118.47602000000001     
   34.088729999999998       -119.04575000000000     
   35.708680000000001       -117.50099000000000     
   33.603900000000003       -117.26781000000000     
   33.562539999999998       -118.18725000000001     
   33.363169999999997       -115.78203000000001     
   33.903039999999997       -118.22326000000000     
   33.235500000000002       -116.72538000000000     
   36.564390000000003       -117.96835000000000     
   34.296520000000001       -119.30086000000000     
   32.782780000000002       -115.53583999999999     
   34.876790000000000       -117.39248000000001     
   32.980170000000001       -119.21683000000000     
   33.929029999999997       -119.21263000000000     
   32.390389999999996       -115.22983000000001     
   34.292949999999998       -118.49281000000001     
   35.097850000000001       -116.97105999999999     
   33.591780000000000       -116.80464000000001     
   34.520840000000000       -118.64576000000000     
   33.485489999999999       -116.50078000000001     
   33.580010000000001       -115.91301000000000     
   33.989109999999997       -118.34813000000000     
   32.751040000000003       -115.42527000000000     
   33.182879999999997       -115.61551000000000     
   33.023670000000003       -116.02016999999999     
   32.710769999999997       -115.76951000000000     
   35.385410000000000       -118.95950999999999     
   35.223999999999997       -117.18267000000000     
   36.441000000000003       -117.97432999999999     
   33.228169999999999       -115.69400000000000     
   34.908000000000001       -119.04438000000000     
   34.296930000000003       -118.44732999999999     
   33.870049999999999       -117.83290000000000     
   33.242170000000002       -115.70483000000000     
   36.470999999999997       -117.50917000000000     
   32.559539999999998       -115.69488000000000     
   34.572460000000000       -120.04313999999999     
   34.039670000000001       -118.08933000000000     
   33.953049999999998       -116.39294000000000     
   33.039380000000001       -115.58477000000001     
   32.458280000000002       -115.16531999999999     
   33.192540000000001       -115.57435000000000     
   34.860790000000001       -116.34461000000000     
   33.171779999999998       -115.59940000000000     
   33.439010000000003       -116.91549000000001     
   33.245269999999998       -116.65358000000001     
   33.749670000000002       -115.91670999999999     
   35.491599999999998       -118.28730000000000     
   33.179330000000000       -115.59600000000000     
   36.193330000000003       -118.08862000000001     
   33.922120000000000       -118.29185000000000     
   35.969000000000001       -117.90850000000000     
   32.752710000000000       -115.82093999999999     
   36.216380000000001       -117.92189999999999     
   35.977660000000000       -117.31872000000000     
   32.377670000000002       -115.25317000000000     
   33.951569999999997       -118.34112000000000     
   32.777140000000003       -115.43722000000000     
   33.809150000000002       -116.08431000000000     
   33.131749999999997       -115.64001000000000     
   33.077990000000000       -115.95372000000000     
   35.514659999999999       -118.37996000000000     
   34.235500000000002       -118.90282999999999     
   32.387979999999999       -115.20972999999999     
   33.837220000000002       -118.27324000000000     
   35.060519999999997       -118.31672000000000     
   36.212049999999998       -117.85892000000000     
   32.047980000000003       -117.43643000000000     
   32.966230000000003       -115.87522000000000     
   34.015490000000000       -118.20791000000000     
   34.200629999999997       -117.51788999999999     
   35.269710000000003       -119.41126000000000     
   34.440339999999999       -118.99235000000000     
   33.475650000000002       -116.43541000000000     
   35.020440000000001       -119.00229000000000     
   33.348179999999999       -116.90412999999999     
   33.739809999999999       -117.48948000000000     
   34.438360000000003       -119.14567000000000     
   35.031790000000001       -116.98126999999999     
   32.912129999999998       -115.51262000000000     
   33.052149999999997       -116.34703000000000     
   35.527079999999998       -117.39192000000000     
   34.009340000000002       -116.44629999999999     
   33.244010000000003       -116.64997000000000     
   35.509729999999998       -118.38428999999999     
   32.353430000000003       -115.21149000000000     
   35.555990000000001       -118.39962000000000     
   33.238120000000002       -116.10577000000001     
   32.491669999999999       -118.24033000000000     
   33.274279999999997       -115.98063999999999     
   33.444659999999999       -117.99299000000001     
   32.421830000000000       -115.21950000000000     
   34.020740000000004       -117.56681000000000     
   33.765349999999998       -115.93611000000000     
   32.347499999999997       -115.21532999999999     
   35.026000000000003       -119.00154000000001     
   32.841430000000003       -116.03537000000000     
   33.402160000000002       -116.38539000000000     
   33.894599999999997       -118.69493000000000     
   33.245989999999999       -115.80090000000000     
   35.789960000000001       -116.85715999999999     
   33.394449999999999       -116.90062000000000     
   32.494529999999997       -115.58753000000000     
   32.521830000000001       -115.64117000000000     
   33.863669999999999       -120.35200000000000     
   34.947769999999998       -116.71893000000000     
   34.034950000000002       -116.84126999999999     
   32.710799999999999       -115.53381000000000     
   33.192500000000003       -115.58432999999999     
   34.043259999999997       -119.12801000000000     
   35.499369999999999       -118.14575000000001     
   33.855670000000003       -118.87983000000000     
   33.182510000000001       -115.56708000000000     
   32.368549999999999       -115.10736000000000     
   34.415660000000003       -119.19128000000001     
   33.016210000000001       -117.91669000000000     
