  0.17589576547231270              307           4  0.25000000000000000        3.0000000000000000        3.5000000000000000     
  0.19218241042345277              307           4  0.25000000000000000        10.000000000000000        3.5000000000000000     
  0.19869706840390880              307           4  0.25000000000000000        20.000000000000000        3.5000000000000000     
  0.19869706840390880              307           4  0.25000000000000000        40.000000000000000        3.5000000000000000     
  0.15635179153094461              307           4  0.25000000000000000        0.0000000000000000        3.5000000000000000     
  0.19869706840390880              307           4  0.50000000000000000        3.0000000000000000        3.5000000000000000     
  0.21824104234527689              307           4  0.50000000000000000        10.000000000000000        3.5000000000000000     
  0.22475570032573289              307           4  0.50000000000000000        20.000000000000000        3.5000000000000000     
  0.22475570032573289              307           4  0.50000000000000000        40.000000000000000        3.5000000000000000     
  0.17915309446254071              307           4  0.50000000000000000        0.0000000000000000        3.5000000000000000     
  0.22475570032573289              307           4  0.75000000000000000        3.0000000000000000        3.5000000000000000     
  0.24429967426710097              307           4  0.75000000000000000        10.000000000000000        3.5000000000000000     
  0.25407166123778502              307           4  0.75000000000000000        20.000000000000000        3.5000000000000000     
  0.25407166123778502              307           4  0.75000000000000000        40.000000000000000        3.5000000000000000     
  0.20195439739413681              307           4  0.75000000000000000        0.0000000000000000        3.5000000000000000     
  0.24104234527687296              307           4   1.0000000000000000        3.0000000000000000        3.5000000000000000     
  0.27361563517915310              307           4   1.0000000000000000        10.000000000000000        3.5000000000000000     
  0.28338762214983715              307           4   1.0000000000000000        20.000000000000000        3.5000000000000000     
  0.28338762214983715              307           4   1.0000000000000000        40.000000000000000        3.5000000000000000     
  0.21824104234527689              307           4   1.0000000000000000        0.0000000000000000        3.5000000000000000     
  0.29641693811074921              307           4   3.0000000000000000        3.0000000000000000        3.5000000000000000     
  0.34201954397394135              307           4   3.0000000000000000        10.000000000000000        3.5000000000000000     
  0.35179153094462540              307           4   3.0000000000000000        20.000000000000000        3.5000000000000000     
  0.35179153094462540              307           4   3.0000000000000000        40.000000000000000        3.5000000000000000     
  0.25732899022801303              307           4   3.0000000000000000        0.0000000000000000        3.5000000000000000     
  0.35504885993485341              307           4   10.000000000000000        3.0000000000000000        3.5000000000000000     
  0.40716612377850164              307           4   10.000000000000000        10.000000000000000        3.5000000000000000     
  0.42019543973941370              307           4   10.000000000000000        20.000000000000000        3.5000000000000000     
  0.42671009771986973              307           4   10.000000000000000        40.000000000000000        3.5000000000000000     
  0.30618892508143325              307           4   10.000000000000000        0.0000000000000000        3.5000000000000000     
  0.74358974358974361               39           5  0.25000000000000000        3.0000000000000000        3.5000000000000000     
   1.1794871794871795               39           5  0.25000000000000000        10.000000000000000        3.5000000000000000     
   1.3076923076923077               39           5  0.25000000000000000        20.000000000000000        3.5000000000000000     
   1.3076923076923077               39           5  0.25000000000000000        40.000000000000000        3.5000000000000000     
   1.0256410256410255               39           5  0.25000000000000000        0.0000000000000000        3.5000000000000000     
  0.92307692307692313               39           5  0.50000000000000000        3.0000000000000000        3.5000000000000000     
   1.4102564102564104               39           5  0.50000000000000000        10.000000000000000        3.5000000000000000     
   1.5641025641025641               39           5  0.50000000000000000        20.000000000000000        3.5000000000000000     
   1.5897435897435896               39           5  0.50000000000000000        40.000000000000000        3.5000000000000000     
   1.2051282051282051               39           5  0.50000000000000000        0.0000000000000000        3.5000000000000000     
  0.97435897435897434               39           5  0.75000000000000000        3.0000000000000000        3.5000000000000000     
   1.5128205128205128               39           5  0.75000000000000000        10.000000000000000        3.5000000000000000     
   1.6923076923076923               39           5  0.75000000000000000        20.000000000000000        3.5000000000000000     
   1.7179487179487178               39           5  0.75000000000000000        40.000000000000000        3.5000000000000000     
   1.2564102564102564               39           5  0.75000000000000000        0.0000000000000000        3.5000000000000000     
   1.0000000000000000               39           5   1.0000000000000000        3.0000000000000000        3.5000000000000000     
   1.5641025641025641               39           5   1.0000000000000000        10.000000000000000        3.5000000000000000     
   1.7435897435897436               39           5   1.0000000000000000        20.000000000000000        3.5000000000000000     
   1.7692307692307692               39           5   1.0000000000000000        40.000000000000000        3.5000000000000000     
   1.2820512820512822               39           5   1.0000000000000000        0.0000000000000000        3.5000000000000000     
   1.2051282051282051               39           5   3.0000000000000000        3.0000000000000000        3.5000000000000000     
   1.9487179487179487               39           5   3.0000000000000000        10.000000000000000        3.5000000000000000     
   2.1538461538461537               39           5   3.0000000000000000        20.000000000000000        3.5000000000000000     
   2.2051282051282053               39           5   3.0000000000000000        40.000000000000000        3.5000000000000000     
   1.5384615384615385               39           5   3.0000000000000000        0.0000000000000000        3.5000000000000000     
   1.3589743589743590               39           5   10.000000000000000        3.0000000000000000        3.5000000000000000     
   2.4615384615384617               39           5   10.000000000000000        10.000000000000000        3.5000000000000000     
   2.7179487179487181               39           5   10.000000000000000        20.000000000000000        3.5000000000000000     
   2.7948717948717947               39           5   10.000000000000000        40.000000000000000        3.5000000000000000     
   1.8461538461538463               39           5   10.000000000000000        0.0000000000000000        3.5000000000000000     
   2.3750000000000000                8           6  0.25000000000000000        3.0000000000000000        3.5000000000000000     
   11.375000000000000                8           6  0.25000000000000000        10.000000000000000        3.5000000000000000     
   29.875000000000000                8           6  0.25000000000000000        20.000000000000000        3.5000000000000000     
   37.375000000000000                8           6  0.25000000000000000        40.000000000000000        3.5000000000000000     
   37.125000000000000                8           6  0.25000000000000000        0.0000000000000000        3.5000000000000000     
   3.0000000000000000                8           6  0.50000000000000000        3.0000000000000000        3.5000000000000000     
   15.375000000000000                8           6  0.50000000000000000        10.000000000000000        3.5000000000000000     
   37.750000000000000                8           6  0.50000000000000000        20.000000000000000        3.5000000000000000     
   47.625000000000000                8           6  0.50000000000000000        40.000000000000000        3.5000000000000000     
   47.500000000000000                8           6  0.50000000000000000        0.0000000000000000        3.5000000000000000     
   3.2500000000000000                8           6  0.75000000000000000        3.0000000000000000        3.5000000000000000     
   17.125000000000000                8           6  0.75000000000000000        10.000000000000000        3.5000000000000000     
   41.625000000000000                8           6  0.75000000000000000        20.000000000000000        3.5000000000000000     
   52.750000000000000                8           6  0.75000000000000000        40.000000000000000        3.5000000000000000     
   52.500000000000000                8           6  0.75000000000000000        0.0000000000000000        3.5000000000000000     
   3.7500000000000000                8           6   1.0000000000000000        3.0000000000000000        3.5000000000000000     
   18.375000000000000                8           6   1.0000000000000000        10.000000000000000        3.5000000000000000     
   44.000000000000000                8           6   1.0000000000000000        20.000000000000000        3.5000000000000000     
   56.000000000000000                8           6   1.0000000000000000        40.000000000000000        3.5000000000000000     
   55.875000000000000                8           6   1.0000000000000000        0.0000000000000000        3.5000000000000000     
   5.0000000000000000                8           6   3.0000000000000000        3.0000000000000000        3.5000000000000000     
   24.375000000000000                8           6   3.0000000000000000        10.000000000000000        3.5000000000000000     
   54.375000000000000                8           6   3.0000000000000000        20.000000000000000        3.5000000000000000     
   71.500000000000000                8           6   3.0000000000000000        40.000000000000000        3.5000000000000000     
   71.250000000000000                8           6   3.0000000000000000        0.0000000000000000        3.5000000000000000     
   6.7500000000000000                8           6   10.000000000000000        3.0000000000000000        3.5000000000000000     
   29.375000000000000                8           6   10.000000000000000        10.000000000000000        3.5000000000000000     
   63.000000000000000                8           6   10.000000000000000        20.000000000000000        3.5000000000000000     
   87.375000000000000                8           6   10.000000000000000        40.000000000000000        3.5000000000000000     
   87.000000000000000                8           6   10.000000000000000        0.0000000000000000        3.5000000000000000     
