   5.2117263843648211E-002         307           4   1.0000000000000000        10.000000000000000        3.5000000000000000     
   5.8631921824104233E-002         307           4   1.0000000000000000        20.000000000000000        3.5000000000000000     
   5.8631921824104233E-002         307           4   1.0000000000000000        40.000000000000000        3.5000000000000000     
   7.1661237785016291E-002         307           4   5.0000000000000000        10.000000000000000        3.5000000000000000     
   8.1433224755700320E-002         307           4   5.0000000000000000        20.000000000000000        3.5000000000000000     
   8.1433224755700320E-002         307           4   5.0000000000000000        40.000000000000000        3.5000000000000000     
   9.1205211726384364E-002         307           4   10.000000000000000        10.000000000000000        3.5000000000000000     
  0.10097719869706841              307           4   10.000000000000000        20.000000000000000        3.5000000000000000     
  0.10097719869706841              307           4   10.000000000000000        40.000000000000000        3.5000000000000000     
  0.51282051282051277               39           5   1.0000000000000000        10.000000000000000        3.5000000000000000     
  0.53846153846153844               39           5   1.0000000000000000        20.000000000000000        3.5000000000000000     
  0.53846153846153844               39           5   1.0000000000000000        40.000000000000000        3.5000000000000000     
  0.94871794871794868               39           5   5.0000000000000000        10.000000000000000        3.5000000000000000     
  0.97435897435897434               39           5   5.0000000000000000        20.000000000000000        3.5000000000000000     
  0.97435897435897434               39           5   5.0000000000000000        40.000000000000000        3.5000000000000000     
  0.94871794871794868               39           5   10.000000000000000        10.000000000000000        3.5000000000000000     
  0.97435897435897434               39           5   10.000000000000000        20.000000000000000        3.5000000000000000     
  0.97435897435897434               39           5   10.000000000000000        40.000000000000000        3.5000000000000000     
   1.8750000000000000                8           6   1.0000000000000000        10.000000000000000        3.5000000000000000     
   2.6250000000000000                8           6   1.0000000000000000        20.000000000000000        3.5000000000000000     
   3.0000000000000000                8           6   1.0000000000000000        40.000000000000000        3.5000000000000000     
   2.5000000000000000                8           6   5.0000000000000000        10.000000000000000        3.5000000000000000     
   6.2500000000000000                8           6   5.0000000000000000        20.000000000000000        3.5000000000000000     
   6.6250000000000000                8           6   5.0000000000000000        40.000000000000000        3.5000000000000000     
   2.6250000000000000                8           6   10.000000000000000        10.000000000000000        3.5000000000000000     
   6.3750000000000000                8           6   10.000000000000000        20.000000000000000        3.5000000000000000     
   7.0000000000000000                8           6   10.000000000000000        40.000000000000000        3.5000000000000000     
